DEG2RAD = 0.01745329;
RAD2DEG = 57.29577951;

quatorialRadius=[6377563, 	6378160, 6377397, 6377484, 6378206, 6378249, 6377276, 6378166, 6378150, 6378160, 6378137, 6378200, 6378270, 6378388, 6378245, 6377340, 6377304, 6378155, 6378160, 6378165, 6378145, 6378135, 6378137];
SquareOfEccentricity=[.00667054,.006694542,.006674372,.006674372,.006768658,.006803511,.006637847,.006693422,.006693422,.006694605,.00669438,.006693422,.00672267,.00672267,.006693422,.00667054,.006637847,.006693422,.006694542,.006693422,.006694542,.006694318,.00669438];
EllipsoidName=['Airy','Australian National','Bessel 1841','Bessel 1841 (Nambia) ','Clarke 1866','Clarke 1880','Everest','Fischer 1960 (Mercury) ','Fischer 1968','GRS 1967', 'GRS 1980', 'Helmert 1906','Hough',  'International', 'Krassovsky', 'Modified Airy', 'Modified Everest',	'Modified Fischer 1960', 'South American 1969','WGS 60','WGS 66','WGS-72', 'WGS-84'];
 